vocABmoRuM. 1 11111111

191111 0199 511119ῗὲ115 1411 1159913911611119111119 101.
3999191115191 91190Ι 1990 9051 1110119011 51905191
· 1919111911.οσ 11111 9991190119911 919051511910
9 ,011190919991191
3111119511. 0119 901901111510111019090111195 ·
305119100118601115 10Ι Ι 1191011940 “
18 (1110019916 10 1801 1919111510
gestam 1001 100 16 511810 habentem, existentem, 100 ,
gemmam, 699 9010 99901801109 11
gestarum 50 11111 91 951909 ,1110199051919919 10
151 0 0190195911 1 109 0 0
3911111001 109 9 Gnaeo 1950 11011999 511 95191
399119 30 101363 001 (11990019013310 1 48315101111
1011115911951 090959111101 011119
4111119911191111011 Graiorum 1 9111 111010999110010
30019111,19911151,668 3810 1110111119 151 08 00
3091091511 (11910εο11 ’. 01151101501118
gladiis 50 9 Graium 19511 «015 .
3111110150 1911190 0111911901 haberet, servaret, 191
gladium 55 91 gran 10 1 1 1150 10
gladius 1019 ·19011999190191111111119199 9199 51
ignotus, 91111109 190150 15 951119 19090111191
3101191151 1111561 1191101001, 1111991911, 110
glorians 101010091911111.0111,1019 5
10919 1119 1151111911 1119599Ι 90110119119111901
’3109099519991 09911119911015 1119111110 , .
gloriam 11 91195 19 109 19 1,.111 1911119011119919911
591910991011 101119111591 091111999111019
1911199911091 gratias 11119110015 1101111,ρ,91111,91 “
310119111οω 1530 gratis 18 03 habita 158 01
gloriosis 91 gratissimum 109 habitam 101 90 1 111
31011091093891903 gratum 130 11110110 16·
gloriosum 110 16 gratus 118 31 habitarat 10 0
31109011505 31999,119199011,1810 190111109160
6093111119, 911100 00 gravibus 11810 habitavit 150 11
(1011111111, a. pom. 130 gravem 305 1101119911110010
19 31111999 1110111191 91 91 ·

01111111 1999 gravi, 11110, 1919 1190119115 51101111 1

(1011101091300 3191101119εοοΙ8 0161110 15
Gracchum, 0. p. 1001 3101191110 habitus, 9111991119, ’150
319811509οὅ8 3111119191 1611515 9 ·
3901190191 19 3190111111 9011919110115010
3190110111 00110819 ’31911199ἰωὶ11 8 “ 11900911115118
gradus 11 11 31191111911115110, habuerunt 1111
GraecaS 11 1519 Grunium, n. ρ. 50 10 habuissent 105 05
619909011916180111301911191011180 1909190130051101181
135 11 gubernatorem 63 10 108 6
011919 909 · gymnasium 11 11119. 11 90 1 19101
(1111909036 11 masmim gynaeoeum‚2 33 Β 1 40 1018191·
§mee 110 10 001151 11 11114
10 1199. momen, 1³ 01111
0111109191 9ο H 9101909191 9111
(11190190 5111111118 ’ alaha , ἡ
91 ι Η109011115610 ,11999110011103081100
(1η91901 15 11 11 . 19000011538 0 .
19 91995 9910 1110111990, 11111101 151 11
, 995 11 101 9119190111 10 90 1191 10 19111 19199
0111118031001111010191018οθ 001

 

