,1 Μ

· 1911119111111511111111111111ἔφη
95191 119119 1111111111 44 9 1519911161Ϋ1191911111 19 -

919161111’6618 111816 8118 111 1111111116

9111191311 10 1616 9191919119911111166 9111111199

. 331131161113 9191191111 111 · 9199119196911

9191 18 6 Ι ’11101991191113 9911111111
119191 144 11 mulieres 55 91 191111111191 19
· morem 919199 95 11111111 1111 199119119111111111919
11111199 1115911111 11195119 111-9111111161
111111 16 Ι 119 11 11 919911111111111911311
..16111116111 ’ 19111119,11111.6699 99119963131613
1119191, consuetud 11 1911119116 31361119 9111111111 4316
1111111111 11111 11 19191911119919 1111119911199111119, 1 ·
1911991111119 1191 11
6113118111113 multi 3 8111 11 11 1191111911114996
1111111911111111191 111159911991 111111911151199
19 9115,,19911169.11
11111911991919991119 ¹316s14114 11111111511199111199
- ,11111111 99194449( ’316166ίῖ7496 91911199 991
1119111163 13 multip 1199961911116 1686166 16
19919138 - 199111161318613161919111911118
1119111111191191 111 611661· 1999119911
morte 18 18 16 13 9111611199 13 1 1 11 9111119911 ’16 16
1119191 1119 1911919119111111111111911 .·
· 9911919111 1619119911 111444410445x
1111111111 91 19199919Ι 611111911111 4 1-9 1 9911111111111111119999· .
6611 396110633 311181111336 9999111313166816
119 1 1 11916111911119119111991949199 19119111111
11 99 , 1911111111,11..·1)11111
· 199ήὶ191998318 9191619611111111 1111111119 13 , -
' 919111111611 multitudo 111 66161 61611111, vi. p 91619111, 116
1191111999 . ·1119191911999 ’
mortuos 186 19 · 1111111εῆ131 13
919191991191110911191191161111311831111111691611116
,1151911 1991 1119191 111911
11111111,91,1,1 1919111111,1,11,1111111991 affl& 11ίεῖ

morum 13 6111111199111111111311163111,1111111111

11386 - ,1231111111111 11991111-131161· ’
1119116111,891 , 14 unctu·P 1911911,1191119 1
1119111161 multos 13 6 Ι 83 16
91919113 11 31 ’1111111111 8 611119111161111, 1663
1119199,11111168111101 1301 11911111513101,116Ι

11 199119191011111116 611 qm
9961196187 1016191161 plur.

19919699116016 9996111919 16011 111191 (1116 6613130101
’1919191919030111111191916 0 1 91 ’1196 &qalibz' §.pha
9191911638 81168111131 1191111963 11
9111111911111111, 1110 munem 443 1191111111 1366
moverentur 10618 muneri 11 113 1 16 61, nutu 1111116488
moveret 16 16 1 101 9111119111 1 119911111111 11 16

11 , 1 111911 11191
1119111991 ’13 10 1919911191 1810118111 99199191116316 ·
movit 1199 9911191 9 1111111919
99196691811 91911111ρὶ91361 “ 11911168168161111
919191119111111 18 , muniendum 16 3 11
mulctarunt 86 4 91111111191113 18 natione 111 1 61 16
1111ιὸ119961 munierunt 1519 §dim 11311 aa&

 

