VOCABULORUM. xxxiv , ’

1135133513 11114311141 33 1311313333141113 41
113531333113111111313133 13 144 13

3111111131. Italicis 1396 131, 1313158 1
1113189 19119 51569011311311311138 1313313155

111 30 Ι ’1819 1931313361011181811113131313310695

61106 181131 191 9931813034141. 1113331951 ,

1415 - 3313313111, 3433 1343344313114333

113136ι1113811151113133,3133,92·16 jumenta 101 161 101 '

6175 111 191 11 118 41311413 idcirco, 99 20 98
113, ut, 88 1 Ι 119 1115113333113111 11
ipsius 30 1111811150 ’1 133331313319810
131131133331131131333131111111331333433131 13
18 1090 suniam, 131) ,1111ιί1 158
115360117191186111131111011019110 90
1333 , 1113331143135311334311414
19151111011101991 1596 Ι 8621111111981 996 Ι 1011333111ἶ 11151
3 3 1 ura
ipsos 3 911305 3334131531411331133531113413
ipsum 39 15111 3183 11311986 13133331 1056
15 J 91 93 J 131 81 11133131969 , 1111314190 15 ⁴
1153 1 150 111158111111113 {J ἒΙἾΟ 151103111ῐέ 1538913 1 13 1186
113188 15 1113311 101 1'1 111113Ι9Ἷ 3 Ι 1399
1111108 Ι11111311113399911101913313119111116
irasci 81 ’1 1 1538 itineris 103 30 1313303390 18 1 191 1‘1
iratus 99 19 1 13810 ituras 99 90 13333431 89 8
irae 35 13 1 99 11 iturum 91 19 13333111 18 9 1 118 91
ire ’13 981 196 311111 3131311063 jussis, 1141119193
,ἢ 20 13113110 90156 101631333133315116 ⁷ · ’
11331710 . , 10110617193 jussit 1516 J 179 9153
1131101 96 ι jucundissimum 1519 8166 91169 10111. ι
1111511 ’ 133336133111141315919 ’13 991 95 131109
irridendum 133 90 judex 888 91 1 106 951 191161
1313313345 judicabatil 11 443 3 1 143 3 1 153
13 ’1319 1111 11111411113331331163 11
15 181· alibi judicandum 150 16 1113336161 688 1 ’11161
Ismenia, amp 81 ’1 judicare 80 18115051 9191 ’
1313 ’19 31 · 159 901 155 19 jussus 109911 13199
’13113151 1341133111 9191 611813311143118190 99
13131065 611019 Ι 136 1111331414319011111613
Istro, n. p. 5 8 113 91 1 118 911 159Ι ustus 10 6190 18
1311311911 1353 15 . 1333 344 “
1113113, 1’1 19131 1811 ’146133111188 ’1141111111
39 13153 11195 1033131133136 Juxta 91 91 J 39 8165
1115431133111113134131331,1433351,131 131331114151153
’ 11311633, 995 98 11136133331115
71 61869 109 9 Ju‘dicatum 31 16 J 111 L·
'. 113136 91 119 13119113313313311615 1111333331). 1359
· 1018113111 χ 1311433111 11 11 labor 101 15 ,J
” Italia, n. p. 511 193 5 1311333118 laborarint 86 91 ²

1998113916 11681311433110318 111313131314116141 ’ ,

. - 151143 11115113 1141313333114113 11335114313
ltalia 191 1 1301311311 ’1 J 1091 13631338311 106 11
11313335915111111113436019166191131131331156

199 6 195 ‘I 10 83 9 J 110 ll 1 1111300ῐὶ033 13195
496 1 131 191139 1115915 laboriosius 1505 hm

 

