Ι11111111111111. , Ϊ lxvi ' ’

1115 , 11111191511111111111111
voluerimus 935 115939 . 1111111113
1111111931 1511 11 11 Ι 96 19 uter 1119 ,
volueris 99 91 1111111111031911591111111111931310111
1111111111111111 1115511 · 11 1111111111

11191) 15111111,111611.11199 10 11911 ·
voluerunt 21 5119111151111,11611.11195 1111115311661 161

1111 1111111511 Ι 1111111111 151
Ι11111111111999111190 11111510690 19
11111111591311311911511, particip. 66 11 111111115190151116

14593 91111110151115115593
11111111616311191 3113511 1 1103 111, verbum, 169119 31 ’

11151111111111 1151111111 11 151 1111111511

10110919 1 119 61 11 16 1 151 11 15611111111,11.11.1911
Ι1111115111 1 utiles 11 1 1511155
volumen 139 91) usus erat, 100 18 10
111111111Ῑὸ9 91 usus est, 96 1191 111 utilia 18 99
1111111111919115315 119118 61899190111115511111111353
voluminis 9 16 9 1 99 5 utilitate 1190 1 15016
Volumnio, 11. ,μ 111 1 1 1511111111351 1 319 utilitatem 11 1

1503 usuvenit 9191 111111113513 1
Volumnium 11193 111111111113116 1611111116 11 ·' ·
volumus 116 93 15111111111159 39 « 1111111199 111066
volunt 19 95 ut, 1111111111, 9 1913 1111111111 1
voluntas 513 1 103 10 619111 90131 alibiutp0oe‚»0ilieet‚ 1319
111111111111105 93 plur. 111111,ηω11111.11191

5151 11 1 55 15 51111111111111, 11 11 11115

11111111115111 1111111111511111111,111.5111151

1919 alibi 1111111 ρίαν. 11 , ¹
voluntatem 30 93 1 159 1 ut, 1111111111 finalis, ceu fig utres 1011

1819 1111111111111911111111111, nom. 11111. 11
voluntati 69 91 ’ · 991 181 190 8161 99
1111551151 1111 1111191111. - 1111111111. sing. 11 151
, 1111318 ut, particula adjunctiva. 11 9115
1111 11511 · 11115 1111111511 utrisque 151 11
urbana 1131 51· alibi · utriusque 59 Ι19 1 1919
1111111111· 111111111111111, 11 111 utrobique 13993
urbanum 91 -s · ,15 93118119531611111111111111831111996
1161691951191181 alibiqaamptur. 113519 .

51 11619160118111, statim atque, 16 11 utrosque 18 96 1 196 111

1111111111111 1111111111111111,11,111111111

111111115111111 atim· 411111111111111

11551 11111111, 1111 1151111515 “,
1111111131-91111119 193911311511113 111111111511111111
.· 151151111111 11 &alibi “ 115111 .

91118031336 8611, relat. 11191,11111111,1111ςὶ,11111111“,513169 99 '.

1111111111511 · 111111111111111 11511 . Ι,
111151161111191931 11111 1913 1 311111111111111811ρΒ 90161 .
1111111111 30 16 1 6111 ut, 11111 adm, 190 911 vulgo, 1111. 31 10
urbis 5161196 51155 19911 1111111396 ,

91Χ ’ 11111111, 15 5160 51 1111111536 91 155191
11111111111111511 111 1111 umqum 11111111151151
usam, 1.

151369011111, ut, 11111, 91 93131 61 1111119111

“ , 1511111119 6 38 5 vulnerabaturloo 10
“5(1181.511111116111103111111931111111 111 11111111 1115 .-
151351131916331 11335 · 11111151161111111319

 

