vil INDEX

Aristomachen, 11. p. 50 915110111ιηῖ0196 19 6169 91 1 63 ‘LK-¹⁰3

10590 10011111911001 00111011
arma 8181441158001111010899911195 131 116 911
8110 61 81 8199 1300111010110111638 114916
199151100 0110901111,1.11,191911010 0111150111
11 110 111911110911111,1.4141. 09 10110 911111111111110
01191 51 atque 18 9 101411
100100111911 asportant 1911 1618111101
armat 55 95 asportaret 139 14 atque, qaam, 14 95
1101060569 1 109 19 asseclam 144 19 attendisset 35 95
armatorum 1 19 1 1900501001019910 41110111119 416515
91 ·,11111 Artena, 10 0101 11011
armatas 134 18 19 Atticam 19
1011110150111119101101111111111111111111
40101ωο10911 &dibi plia. Attici 139 19 1 143 991
’0110010139 18 at, 0011110, 19 30 1451 1 14191 1 116
111110011111111111 19 93 Athamanas, η’, Patrem. 1 1 149 181 153 41
armillis 69 1 65 4 155 15
armis 3 9 1 44 91684110104694113910 Atticiadje 01, 8017
11 1 11911905119941110110111111981 4691 111111141101058
511333 Athenas 6 14 8931141610 141 81150 61
,111111111919 191135114301151 1541199 ’
„arripuerat 1394 18 98 16 4191 5 11111111ωο0 15 1 6010
1101111101911011 05 10 90 11109 91 Atticum 11191 110010
Artabano, 1,.11 11616 43 9169 16 19166 15 115519
Artabazum, 11. p. 93 91 1613119118516114111011013511140]
· 1110 1100111110 115 901140 1 10
Α110111101110111,11.ρ.6 91 Athenasque& 10 1486 ⁸
Artaxerxe, 11. p. 18 101 Aueniensem 60 11119011110111549
9110104910 9 1111111101ιο
x Artaxerxem 1111116111 1411101110οΜ3 6 11 418011131144614544
Artaxerxes 59 13110 10 9 13 991 9 6 30111111113010 101 131 115 11
1 19911168 93 1 19 1 14 18 11111110111119510
,4110101101816 96 15 90116 10190110010101589
1111101 10 90 1 19119 101 attulisse 9019 ’
Artemisio,·n.p.1³6 ·, 30 9 91 133 901410110110001193
Artemisium 1119 11110 1011110119100111111195·
01100508 , 810 11163 616451 0101113195
1111111111911001 00 0 10 1 91 91 1 991101111009011010
,11110011115099 011111 1 . ,1111111110
aruspicem 1193 Atheniensibus 4 1918 9011111111,ι11,591.
maai , 1111110 11110111110410499
ascenderathss 19 ·98 9138 18 3 10 011010 9393
ascenderet 199 41 9 1499 59 14 11109010910011099υ, mro
,11111111101001 , 01 1010110 010 1111111110 19 =
1111111110 , 0019111111 armar 11
1401051130 19190 01 Δ11101110110105511 00010610010111665
919011343 , Atheniensium 9 911441 00661190691918133.
011000101999 01111111110010 19110115019111
01111115-11109·1011 111101101190 90 09 ·
4014 41411449 4414144044 it 'sii 14 0404 ti 44444444411444404414444 444
. ψ 1111019119191 190101910901111111110010 ··
11101151109111 10 0111011001 audacissimam
19110111110 111 400 11100 0 1110111111οι1
ap< 1111001· 010 00011090 1111111119οο
04441011111111,11.·,109 11110 110019 auderent 1910140101
aspergebatur '³1 menis 6191 11 36 8511 ·
asperitatem 143Ἱῖ · 94140 51441 13 5911οὣ10119 10119644

11116011

 

