, 101110101011. viii

adeam avunculo 150 10 0111011011 19

111111111111110. 1111 111111111ιο11 1111111 1111

audiendi, 11111101 55 10111016605 benevolentia 54311143
11 18 auxemt50 11 1

audiens, 1411111011, 6813 auxerim 150 19 0111111Ιώ110ιο 31 10110

,0010001091 11111111 100 11 161143 101 155 00·

1111111106 0311 0 11 0000013011011111101
111010111111111111111

0041011111 1530 511111114814 0101101300

1111011111 11 1111111011 1 1111 biduum 11101

1111111111 1110 11111111 ι 1 111 11 bini 111111

1111110990 0111504 1 44 1

0011110111411 Β. Bithyni, 110. 13303

0001110400 Bithyniam 1344 · -

000110041510146 10 Abylone 93111113 blandus 330 f '

militm 00010,ορ 1353 1101111111 11141 10100

,1101511100 Bagoam, 111011 111111

auditum 104041 151 6 Βι1011111,1ι.ρ.15011 0110111161 3

1001111011ωο 19 10 barbaque 08 08 1111οῇ011101 80 01

,00111111 10 ’1 1 011 03135 barban 41 1 1 05 14 , Boeotios 83 01 1 91 04
11111110 011111111111111111111 bona 1111 1111011111
11111 › ba2barisque1118 1111 11111101

11110110013511 0111111048 18 55 5111 1011310

mnenon barbarorum 1 11111111 11111

80301140 5104 111100 00 1510016 01 101100οω903

‘zm 10 11111111 11 1111111111 11

mur 111 11 ΙΝ1Σι1 11 1111111511 1 11111

,4000015013 ros 9 6110 16 0000001513
aulicorum 10 11 04 100 9 1 49 1 90 bonis ,,111111101100 356
,4011110148 19, 15193 519903 0011111110 14
:vom-24 barbanu 13 00114 419011ο111111110111560
1101011130 15 05 bonitatem 114 03
amam 100 01· beatissimi 95 6 bonitatis 141 011
Διιιε11ι1111,.11.013010 00116031641199410011014111431193
111111111111 · 1111111111 11
aureis 31 10159 1 18801100411016 10315 1101011513
0111111014 1 11 1818300111011110511501
- 1111111 ‘bonus 11111111 11110
101110 03 bellatum 114 8
1111111 11111 1111111115111111 11111111
00001300, 01111110011513130600100111388 .
ιιιὲ53110 19304 131 0013111141 brevi, 113111. 411111 10
· 111 11111111111111111 111 ·
. ια101111 0 109 11134 0011100101 130 00 111111,111111,13110
10 bellicosissimas 100 4 brevibus 58 9
' nt 1 410 13130 1410111110111111138 brevior 10314
&dibi 01111. · benis 1355 brevitate 1916
f'fmb 0510181181 1001109 1111 15 16114010111111549 “
,·-11111111111.1611111111ρ1ν.1ν 1111111, 110 145 001141
mm, 111, 15 11 10 11111111111111111 11 1 111 11 11 1 111
1··111111’.10 11111111 1111111110 1ο
mmmmm 15 116 9181 1111111 Β11110145 14 1141111141
1311111111111400 1101101110 11068 01 1115119
· Αο101111ιιιό01001,11.φ.00101·111110 3q512‘1 1510911 01010114514
1131011 34 03145 4154 040101011450311464
⁸ ΛΠ’14011111’11118Ἷ 11110111ι ¹⁰8 ¹⁵¹ 711111014111992

ι1011011111 1511 ““ 0011011011148311)3 1111111111 ΒΥ.

 

