’ ¹xxxvii 1 INDEX ’

magnitudino 32 71 42 4041400044. 47 24
, . 15. , 2 1811181158116714144116018131318
. 4 ma 44
4100410 65 18 magnitudinem 18 41 1004441144 674
8140060400966197 26 41441101,,41434441 12212
119916110214 magnitudini 77 5 4441444844. 382 , ·
Macedonis 60 7 ’ 4443411444144,4444111.2 18 malou 83 331 147 17
Μ44080414111918 magno 7 5 Γ 14 17 Γ 2414441011 1013140 11149
8204041041οω 98 161100 29 1 25 101 85 uli· 6163 15164111113
401404 0014044 44·
4 4 magnopere 5 15123 21 4410465619 ““
’8140414444 9915 Γ 102 69 40 . Μ404416440,44..Γ 1138
’ 17 191104 31106 3444034400 964 444440ρο14415 -
1400 4014404 magnum 400 0 Γ 4004440404 400 40
8140441414116810 12 444υά460481 ,
11144044101400 388 magnus 38 14 16121Μ4464001044500441370 -
5555155555 13 12134 5 6971111 29
44403104 181810112. 41117311393 4444064011029
’ 141 14 3 18101161111430, 0..Γ131)11 4444οΜ42323 J
Γ1444. 1100404130 21 221131 manendi 148 17 .
' 4431444444 40 01400 40414 > · manens 4040
12 11430410131 16 44400144171132101
144031011011134 25 Γ 6871 4414100014 869 ’ 40611187
555555 , 4441444010401004014444440444το 44041
magistratui 792 96311438 444404014717 6510
magu. 'stratum 15 19 1 32440104, antiquior, 117 14 manibus 1154
4010001000 majora 00 0100 4044444411, 444. 40024
4443 stratus 156 1 6515 1 18 mamerunt 18 16 .
00 41400 401440 40444144 40 00140 40144414440100401104
14040 00 401οο 05 J 00 401400 44 ,
’ 44431011444444493111181 14 . 8144604044,44.Γ. 8310
8611119123 majorem 28 16 manu 22 814017 67
4434479110 ll J 244410400221717423191 19 Γ 69 3171 6 77
41050100001400 40 40144040114001
15114119 > majori 5119171 25 1483

4443459 191163122544410411440 6310 176 1044440, curbi, ,4212251
0040124114· 4104 0001000010
44443404 53 217741864010411400,44010,1911158 15

211084 - 3 4444434444,1277
- magnam 25 12127 31 majoribus, 5555, 140 44040144281
00 01000 10· 55 0444041010044104

55· 44410444419133150 1819771
44434044445320 716611194111144 10
magnas 26 101277 46 11115313 manum, 0014144536

3150101621117413444100 9 3148 17115 52ωο44404,1046044,711

291211211611224 1'5' 4440444444,Γιι34444,1013

115112 maia 17 17 , manus 55. 818411112

0001400

· 8143000140, 44. Γ. 1811171 maist 71 24 5

40 4 5555 515 J 44 4 J 15515555, 555555551515J
Magnetem, 1011 hominis, ’211363 1 55 11166 87 18

7209 , 141702417181414432044,4.Γ4341,7
44434110010011400 5 '5J1058J10516 5

4414000οΓ 1555J 1400441440 0 0444440414000

1181 11374 4444441 bat 14829 414401404141426
444341006012 43 44401041100411110114114111 81334411044444, 40144414
1140444440441414144444 3141404404
440341114401·’41120,’1401464444 94 17 Marathonio 14 13
44443410271111141184401112012 Μ4400111,.44Γ’.1541 ;

101 8418441444 0011012016114813 1144001101351113131

, 44· 5

 

