1550515555.’ · xnv

5551811115Θῶ 01115111 185 8581115166 19 ,
51115141 10 10111111 81111100 04 damnaturos 00 01 168
ds alid 8111111109 14 « 18
58155181411401115455ἱ100 61106 5114885151811116111·1061
581155815410 eura 48 18155 10101 Damon n 1 1615
5555555515515155 511151511555 15551511
4111510 · 80181501115518 (1511111663
'ajune 1515115151515515515 55555514551551

01106111555111511110403 ι 6604111510013
cujusdam 54 5511115150 16 931

cujusque 958 1511161511 101 10 ’ darent 456
cnjnsqnam 111 15 curat 48 08 · darent, collocarent, 1048
8111115111 04 14 curatione 1566 darentur 31 03 1 140 1
5005551041 curavit 4410155015985151 01 0 06 11108
culp· 555 511151 55 555 1515 55
5611551551 55115185118 18 Δ55 01 6510 18
8111186901Ιὸ1 14 01111111011106Ι 10 9511 1001
5111015150οθ cursum 49 851518115585151, 10601
5111854100 . 5115158511ιο8οθ ’ 1414
eum, 1151511115,3 11 148515855501615010185151111,1,1111651511010
55515115 «511, 5551111555 551111511155
8515818105 18 Ι)51’11,.11.1 681061
eum, 585515 811111,11081 5105815115 115111111ιὸ16
11111811081141111815111311181506410111118011111550160111116
eum, 81 relat. 58111111,1051151581151061 dat 56 13
511151 1 5515 5155515155 15511 1 11555151551515155151
51551115515 5ο 5 ’ 555155511150
5 55 15151 15 5515555551 551155 11 «5515151555
1 5515110515 10555 1515,,511«1« 1155
“5ιι111,1511111551,140 145051581511110010 datael465
111141 611480181851551019110015 datam, oblatam, 511
51151 0151585554 1111151115, 55168 00110
«5511555511111558515151155 15
551111551115151 ι 555555515155151
515151 Cypri, np 5551555 15151151555111
ω11511115541 115111111111151515 1511151351 ue 151 “
1151155 5115555 51155551515515 55155551151555151
cunctum 11555 5155558515 ιι 55 551155 515111
5155551551 5155555515 115511511511151
5515111018 ’ Cyrum, n.p 00 06141 ’151 ,
55151551516110555 19 0515111110 001 105
55151 ⁵¹ cy 1 1111115
5111188001 Cyzicum 64 9 Datis 8 8 1 019 -
5115511555 ’ , 155155511515 >
1011815511111151300 ’ Ι). 8515, desig 11511, 1041
cup 1811515 100151 11 datum 9116151 ,11158Ι
, 155511155111511 55515515111511 5115111115111
10010114010 85551181108 0 8501155610 .
cupiditatem 10 0 1 154850510016 da us 60118616
. damnantur 10005 8811115805, 0 5 1 ’1 10 1
cupiditatibus 50 9 8511185551 31 16 8151811111
10118510614111116 8555511110ιὸ 85,1151151,49 10
(1151551146οὓ damnationis 9 00 de ,115, 14416
1111155118 0105 51098585515510910 851151, 010105 101108
041 ’11 8110100 8111111111ωο54111510

 

