xxi ’ INDEX

duceret 15 1 1 09 5 1 8111111111, putauit, 61 1 1 99 efferretur 91 8

1195919999 9119911 911915991119199111 ’

, duceret, aestiuuuu, 153911111191811951 “ 111388
8 11111991996811 9169164111518 ‘
duceret, 1191191991, 381111199ῑί9 91 8 efficiebat 1443
11 9111911195 14 ’
11119919111111011 - E. 9111991155691 st«
duceretur, putaretur, 90 6 effugere 69 99 1 10911
19191 ER 1116 91819-911113195999901419119
811995 90 91 911658 libi 15 .
101 9111191191 ea 9 11 1911 1911119111191999 -

199191115191199 11111, , 11113111599119951115 ζ

11 “ 99,199111111119,1415 v “ 11
111191,9916.196 993111111101818196951,1“91919991911,899
duci, verb. 119111. 13 9116111191. 96991914119
14 eadem 1 8111 9139911196101139111118
111191111191911, 150 91 11 13 ’
111191,119111.596 (uidem 1 14194 18 1 96 ego 11 13 90119 9180
’1111111191 1119911 1191191191191191 9119111
ducis 13 6159 81135 15 , 939919115611
11 991191119199811 10 - egredere 18 96
ducitur. 99111191, 9 5 995116 1 egredi 198 13
1111911511 « 911111,1>19119111.8 911101931919911
(1119111999 11159518191161 egressus 16111316
(1119111935 99 11916 ' 9911691118 10198 1191916 90 13 11114 91
1111111911 19591159 19111919 1511919111 .
“ 98 991111119919110511189111911196150519831
(1111·1111111116 9 , 11 10811 1 116 8
dulcius 1513 99911911. 3 11165 41 ejecerant 8513
91155 9199119199· 99 15 11919 191919111119119
91119 11 1 133 1 98 113919919993513
1111111,1191191, 91 6 99Ι · ejecit 91 18
uum, 1151111,11111 91115911 9191111 99 11 1 11 1
duo 11 9111816133991911815 9199199169
91131 93 1 11 11 9119199911911919, 1195 91919 15 16 9891
6639113318016 961911191138 13 Ἰ 611 7126 8011 ’
1168151111 1 1191111111,9.1119111’1,11 16 1538 -
’811959 911119,1’1111199919911911’19,151919119199915 61811 ·
‹10000100916111 11 f ejus111‘23138110
duodecim 59 15186 1911111,9911οεὶ11”,15991 , - 181 9111199991 plur.
10 . editis, expositiuusl . ejusdcm 11 1513511 ,
auos 19 9191 1919911119119999 119111 19119 99
4 - 9111111111,·’9111191,93 11 8161111 9511161 ,
’ (191119113111 91111911ῐί1538 1199 1 ·
duplici 699 ⁷ educatus 331 ejusmodi 559 ‘
1111111191, uus-tem· 9119, 11 educeret 101 16 9196110013
90 ’ 2 9111191111 91 919119199991,,9911911199519190
81119961 “ 91919199189 8- ,
11111995 99131 18 9111111119 10191 1919991911111113919, 55 91 -
99 9111191599 91 9111111199
69 1161 9181 9 9699999196 9191111199 11
99 11191 111199 1919111 11, 99111 1 119919111119919 ,
111119 10 91119991111991111195 1915519151
duxeram 131510 90191 6 1 Ι196 91 111511
- (111191111199 1309611195 - elatus, superbus, 99 6190
1191519119991911119911191199 , · 91191. ·
’ 106 33 000101011110111 elegans 15096 ·
111-1911991191, 11 11839119119194 ι91911911119151 18 · ·
91 ’ ’ 9191199191 996 ⁴ Ι91991111119111911111 119 91

q 919911

‘··C

 

