mv 1331111

1313633151Ιῷ8 1313813559 ’ legeram
1333633333330111 largitionem! 1118113331311557 - ’, ’
Lacedaemonem 7 7 Ι 15 111 17 legi, subet 81 11
30133133 13 1 31131133313311113 1311153319 1 133 31
1333113333 33 113331113 33
133361313οηί1 6 113311361333110117 1111 Ι 115 7, Ι 114 ,
1333113 331181011111131331816 11
181115 8Ι16118,1313031755Ι1885Ι1171831111111786

33131 3311111313 33 13133313

988 30561015 1818188381 1653831386
33111133 3313 latet 3313 1383313333

33 3131 3 33 3 1313311333 legitimis 11311

85 6191 11 [311313313111110 Lemnii, n? 1311311111, 1
Lacedaemoniis 7 5 Ι 1611513163101 18 1 ’

161010100110113131331105 1 13313331,3.ρ,107111
17 381186Ι10811811113111111616 51 1
175 11118 16 58133633631111 lenire 5117
18180118011 81133631131139011 1311111105 ,16
0189 1180111 81 laudatum 117 19 leonem 10518
311333 3331113313 “ 3333111133 1315 1
1331163111 1111311115 83135818176111081331313131, 8816
10111 15111719 18111810 Leotychide‚n.p.893
33 3133313 1 3333133113 3111311 1331313333 3313
. 1113313131 1 3313333111 13 leporem 113 31 ,
11071 Ι 08 16 0813113111 51771 , leto 313113 1181
16 11 Ι11 1165 1813311533171016111813311311111119
, 3133131313 33 13313 13133331 31133131
3133313313 13333331311111 3
Lacedaemonios 1515 0813113 10111110187 151333131331. 8118195
3111113113113 13313 3
81811718110 1113116111 133313338111869
Lacedaemonius 85 l Ι 116 lautus 151 1 Leuctricam 80 101 8518
⁵ 1110510 1313131111 11 1911 “’
1333331311118 5 1331331171 leve 1 11 59 21151=
Laco, 3. 1131133113. 61 10 Ι lecticula 1571 1
8018 Ι 8116 lcc'tione 151 10 13113770
Lacon, 10 ,7 13313,33531.56 16 levior 156 18
,1333339010 1331313300191 15110 1331313175 15
1333131333 65 1 lectoribus 75 10 leviores 58 11
1113333855187181 9113313133 85 1 1311137011 1518
10 13531103 17 15186 11311811Ι15116
lacrymans 07 101 llolegafi 1100 15815 115311131611011171111
3333311107 10 10 11111 Ι 1015111 Ι 10101111313111380111 101 10
3333131, ,313 3 1, 1333311 313,

⁴ 136336311618 les* ί,1311333350 16 ’ 11817

1333111 1129 legationis 885 liberalitatem 17 01111
1311113107 10 legationum 81 1 11

machus, 11 p. 00 11 legatos 110001 Ι 1517 Ι 1113311111 01 1 Ι 1511
1331333333 13 33 33131 11 133 1313313111 33 31
1313333311111,11.11. 1811 Ι 70 17 Ι 108 111 1163133635 17
1113113111 1133 1313 liberandam 33 33116
Laphystio 115 5 legatus 80 8 1018 711 1

Laphystius 1151 13 333 81 5 Ι 1150 liberandarum 87 15

lap 1113117 7 13133111 1718 1111311113 11 11

lapidem 15 111157113133611111 0111 liberaret 111 6

legent 13 1113333133 13 ᾖ

 

