voc1111111081111. 111
11111111 1111 51 11 11111111111511111110 “

111111 11111111111011111111111111
1111111110 11511 111011111111 . ¹
1101101199 11 fines, terminos, 181 3 10111160 1 Ι 150 11
festinatio 9 19 fingere 33 10 1011111 116 11
1111050 5 fingunt 119 3 formosissimus 33 11
festum11988 0111001131 10 formosus 181 9 Ι
000111 133 5Ι 38 1011111101 9 1010111169 6 Ι 105 31 '
fida 118 1 finitimas 69 88 fors 85 11
011110,1111“001.1916 0111111193 sorte 80 35151 19156 ·
1110111011110 5511111111 11111110
19 606 10 39 11 6111111106 11 1011οω18111819
31 185 9013 9'1flrmissimi3091 101118881199
10 1001111311 οη01111θω1111 10111111969‘21
fidei 998 Ι 133 9 1111111111 11 fortior 116 13
0111016119 0110111569 · fortiore 1061 ’
111111111111 11111110115111110111111111 11111
0011103151 3 1 ’ 13 Ι 81 18 Ι 1118
fidem 1115151 1311011001,11.11.1361 1111111110111111
alibi . Flacco 138911 8311
0011103130 0111110101 56 33 10101111119918 ’
11111101 1 flagitio 1301 ” fortissimum 61 10
01111111,1011111110”, 131 5 0111111111 30 Ι 119 11 fortissimus 19136
0011151313911959 011111115111 1010101133 ’
0011111116 19 Flaminium, 111. 131 51 10101116111011311331
1110111111 131 1 9 fortius 13 31
0011011 301318131 3691111101011316 1011011013133 2
5111111311113501111111911 111115111111110 ·
· 15111 111110111111 51111111111011
· 11111111551 11111, 1111510 111110111110111
,1111111111 101 1111011111115 1115101111111151
1113310111919 flectit 10116 1880 ,
01111100 15813101111156 33 10888858181891 38
191355 398315588181388 ' 1311301138 13
30 31161 10110 18001·11110,01’1111111,111 15 3 19 3183 31965
33 89 8 Ι 93 1319300111110111,01’1111111,118 36 1111 10113311111
1ο 11111 1010111101 11111 101151111
0111110611 0011111101111831 ⁴ 1511911561
01116013 00101019 31 1011111111 66 35110 331
1111111 “ 1011111111 v , 1111111111115 ·
filiam 16 13 33 35 Ι 118001111131 Ι 383 fortunam 39 1316335 1
1111111 1151 1011111111 11111 111 111111
01111501 00001101110115111, 1111 111189 Ι 119331
filii 35 11 151 19 6501111100 31 1 30 8108 15115
. 1111111111 111 111111 1001111111111111111
5 1 15111 - 1115 fortunas 111 1-
01105011511516513110111111158 frangebautwll “
1893 foederatam 1351 frangebatur 55 10 , -
0110150315131 0110111130 131 . 1111119 31189 131111
1111111 11 111 91511110111111 111110 111111 01
1111511151111111111111111115111
50111111111111 11111101 1111111115
115183 35189 13 fonensi 318 01110681511356

111 11 1 111 1111111111111 fratrem 11 11111 111 ’

131110 61115 101 forent 55 311106 111 11311130 31113111
111381119 15 110 8 1 11 1111111910· 1115 1 110 1111111111 1

1031 1164111178101111'195881681 011111010111311

1188 13310 101111111136411 statua 89311131 suu.

 

