000100100010 ’ xm

nobiseumnss 33331113311313101110133111311

nocendi 1195 1400 nullius 03 1138 01119

0000133401 nonnullis 141101 151 3111140111110101

1111033331 131331 1 1111111133

“ 10810 nonnullorum 1051 00110 55 00 1 105 915
menemus 1001100033 13 · 113 331 113111

noctes 00 1 nonnunquam 11013 15

noctibus 1300 Nora, n. p. ’1011,”1011 1011103151 11 , ’

0001013 1014015100319 110118181001100010104110931
99 3110881148 1910 ’19141οῧ61 3915154019410010
3 31311133113313 113111130111111

3331300311 · 1313113113 1311131111111Ι,,

0000113301 90 18 , , 00001011ρεί 930 “ 150 11
nolebat 03 11 nosne 48 11 nullus 1143 1 155 10
0011 140 05 ’ 1100110804 0010, sinon, 13400
0011113150 0331130113 15111 31 numen 90 00 .
00113 38 01 149 00 numerarent 18 13 ,
nollet 1101 00110800139519001 numeratam 01 10 ·
0010451118041108· 10314 ’ 000010514189191
3 , 1013131011313 11111133 3313
'noluerat 140 0101101001391 0111113 01 8113
00100010ῐὸ8ἱό ’ 00181089 ’ 90 11193 031101 0
10111133 13 noum 133 31 · 1 1113
0010000311511 · 0011111408 ⁸ 0000010814130131
1310013331, 0301111311, , 13111333
noluissemus notavit 139 15 - 00013101 381 5915 1 100
noluissent 81 9 1101101101 11 15
neuim 14400 11011110 1543 Numidae, n. p. 130 4
0011111153 1 34 01 1 38 notitiam 56 15 numine 114· 01 ‹·
133133113310113033110 1103003331 ·
11331113 1111300331111311 ‘nunc 3 3311133131
“ 0 00108 4111031133 10199111115101
00000101015131101 31 130001150301154
4 0010113813 - 10 “
1101110000οω, 0015111011111900031101 81 00003101111311109
0011110000 10110 14 0013100194 00 nunciatum ’48 10 1 ’15
nominatim 310 ’ 0011103 00 03 ·
0001000011· 55 ' 00111 113 ·15 1 130 5000013010110 04
0001100101853 01 · · - 0000115 15
nominavit 13914 ⁵ 0011301111οΜ 14 00001011 031 05 00
,0001111113 33 31131010031333 131 331311133133
311033 0330100001 30111313 ·
115811101 151 1440011 81 0 0000100101 05 .
15 00111350 00 · 00001001 003 1 10 10.
0010101 130 19 0011111118 9 1100010334 05· 1 91-13
0001101010139 15 0011110101 150 ’ 00000001150910801 ¹
’000111011030 00111100 51311 11ι 31 9140 001814 ἱ
1011333133131 3131131031 pur.
341 11110313101011311111111313111111113 ··
. ’ 101153 10 0011101101, 110 ’4 1 145
'annuimus 3 0011111111 1 149 101 01 ’
0000001013110519 151 111561, nupturam 14910
·0000111111355 11011053 5 ·00 ptias 113 00
’ 10000110431111159 01111010 88 08140 15 0011131499
munuum 11 · ,1331311311133 110113333103133
· 000001101094 18 151 181 153 0 8
nonnullas 9 8 00113108 181 14801 nupturam 00 14
,1010033010 131 1111133 11114 ⁵³ nunquan 31333 m

 

